0000100100010000001000002
0010000001010000001002000
0001001000000000001001002
1000100010000000010002000
0001001000000000000002010
1020000000000000000101000
0010010000000100000002010
1001001000000000002010000
0020100000001000100000010
0000001000000010000010102
0010010201001000010000000
0100000001000000000001002
0100000010000001002000100
0010000001100000001012000
0000101000000010010000002
1020000000010010000001000
0010100000010000001002000
0020000000000000000010101
0100000100000101000000102
0100000001100000002001000
0020000100001011000000010
0000010001000000001010002
0100010010000000000102000
0000000010010000000020011
0000010110000000000002001
1020000001100000001000000
0100100000100100000010002
0100100000000011000000002
1020100000000000000010001
0020010001100000000001010
1010000001100000002001000
0100000001000000000012100
1100000001000001000000012
0010100000100000001010002
1020100100000000000010001
0020010001000001000100100
1001100000000001002000000
0010100000110000000002001
1010100000100000000010002
1010100000000000000102000
